2.229158200000000076e-02 0.000000000000000000e+00
3.178536900000000082e-02 8.000000000000000000e+00
4.239064800000000299e-02 8.000000000000000000e+00
5.190318199999999910e-02 8.000000000000000000e+00
6.235885000000000039e-02 8.000000000000000000e+00
7.200295900000000526e-02 8.000000000000000000e+00
8.154150400000000076e-02 8.000000000000000000e+00
9.202602499999999741e-02 8.000000000000000000e+00
1.016820570000000062e-01 8.000000000000000000e+00
1.118823709999999944e-01 8.000000000000000000e+00
1.225931600000000066e-01 8.000000000000000000e+00
1.320759569999999938e-01 8.000000000000000000e+00
1.422257229999999983e-01 8.000000000000000000e+00
1.519065059999999967e-01 8.000000000000000000e+00
1.614891870000000063e-01 8.000000000000000000e+00
1.722676509999999939e-01 8.000000000000000000e+00
1.818283950000000038e-01 8.000000000000000000e+00
1.923864200000000024e-01 8.000000000000000000e+00
2.019123969999999935e-01 8.000000000000000000e+00
2.119594650000000136e-01 8.000000000000000000e+00
2.223143459999999960e-01 8.000000000000000000e+00
2.318222430000000112e-01 8.000000000000000000e+00
2.422678520000000058e-01 8.000000000000000000e+00
2.521407929999999742e-01 8.000000000000000000e+00
2.616240289999999802e-01 8.000000000000000000e+00
2.722513409999999801e-01 8.000000000000000000e+00
2.818507330000000199e-01 8.000000000000000000e+00
2.922831240000000053e-01 8.000000000000000000e+00
3.019394559999999950e-01 8.000000000000000000e+00
3.117816330000000025e-01 8.000000000000000000e+00
3.224713519999999889e-01 8.000000000000000000e+00
3.321518869999999790e-01 8.000000000000000000e+00
3.418650670000000225e-01 8.000000000000000000e+00
3.522265130000000188e-01 8.000000000000000000e+00
3.617478570000000060e-01 8.000000000000000000e+00
3.722574439999999929e-01 8.000000000000000000e+00
3.817567319999999875e-01 8.000000000000000000e+00
3.924554780000000243e-01 8.000000000000000000e+00
4.020901470000000089e-01 8.000000000000000000e+00
4.122245310000000051e-01 8.000000000000000000e+00
4.218666200000000255e-01 8.000000000000000000e+00
4.325478139999999749e-01 8.000000000000000000e+00
4.420065420000000023e-01 8.000000000000000000e+00
4.516006530000000185e-01 8.000000000000000000e+00
4.622316300000000044e-01 8.000000000000000000e+00
4.720258199999999849e-01 8.000000000000000000e+00
4.814367070000000193e-01 8.000000000000000000e+00
4.920874729999999975e-01 8.000000000000000000e+00
5.017894649999999901e-01 8.000000000000000000e+00
5.119008630000000393e-01 8.000000000000000000e+00
5.226960290000000064e-01 8.000000000000000000e+00
5.323152559999999589e-01 8.000000000000000000e+00
5.418519320000000361e-01 8.000000000000000000e+00
5.526858289999999618e-01 8.000000000000000000e+00
5.622283649999999522e-01 8.000000000000000000e+00
5.719982770000000549e-01 8.000000000000000000e+00
5.816842939999999906e-01 8.000000000000000000e+00
5.922170220000000374e-01 8.000000000000000000e+00
6.017067280000000240e-01 8.000000000000000000e+00
6.118225259999999777e-01 8.000000000000000000e+00
6.221483949999999652e-01 8.000000000000000000e+00
6.318659269999999939e-01 8.000000000000000000e+00
6.423193170000000007e-01 8.000000000000000000e+00
6.520801139999999885e-01 8.000000000000000000e+00
6.617607370000000433e-01 8.000000000000000000e+00
6.722220199999999757e-01 8.000000000000000000e+00
6.822703850000000347e-01 8.000000000000000000e+00
6.920462710000000461e-01 8.000000000000000000e+00
7.015179059999999689e-01 8.000000000000000000e+00
7.123529690000000025e-01 8.000000000000000000e+00
7.221642609999999740e-01 8.000000000000000000e+00
7.317317209999999461e-01 8.000000000000000000e+00
7.424134930000000354e-01 8.000000000000000000e+00
7.520230639999999633e-01 8.000000000000000000e+00
7.625937379999999655e-01 8.000000000000000000e+00
7.722011549999999724e-01 8.000000000000000000e+00
7.817528590000000221e-01 8.000000000000000000e+00
7.922296220000000222e-01 8.000000000000000000e+00
8.017476999999999521e-01 8.000000000000000000e+00
8.117940970000000478e-01 8.000000000000000000e+00
8.222913600000000267e-01 8.000000000000000000e+00
8.317402849999999681e-01 8.000000000000000000e+00
8.422606080000000217e-01 8.000000000000000000e+00
8.517669709999999839e-01 8.000000000000000000e+00
8.622768050000000351e-01 8.000000000000000000e+00
8.718669890000000366e-01 8.000000000000000000e+00
8.824775999999999732e-01 8.000000000000000000e+00
8.920133110000000309e-01 8.000000000000000000e+00
9.015113219999999483e-01 8.000000000000000000e+00
9.122408159999999544e-01 8.000000000000000000e+00
9.218113119999999938e-01 8.000000000000000000e+00
9.324671460000000245e-01 8.000000000000000000e+00
9.422422689999999657e-01 8.000000000000000000e+00
9.518762060000000025e-01 8.000000000000000000e+00
9.625207970000000390e-01 8.000000000000000000e+00
9.720146200000000514e-01 8.000000000000000000e+00
9.827665610000000385e-01 8.000000000000000000e+00
9.923650769999999843e-01 8.000000000000000000e+00
1.001964819999999978e+00 8.000000000000000000e+00
1.011862982000000022e+00 8.000000000000000000e+00
1.022514225000000110e+00 8.000000000000000000e+00
1.031843443999999943e+00 8.000000000000000000e+00
1.042552415000000066e+00 8.000000000000000000e+00
1.052121086000000094e+00 8.000000000000000000e+00
1.061760231999999915e+00 8.000000000000000000e+00
1.072210442999999902e+00 8.000000000000000000e+00
1.081886955999999955e+00 8.000000000000000000e+00
1.092688145000000111e+00 8.000000000000000000e+00
1.102276344999999935e+00 8.000000000000000000e+00
1.112270018000000027e+00 8.000000000000000000e+00
1.122041752999999975e+00 8.000000000000000000e+00
1.131570297999999974e+00 8.000000000000000000e+00
1.142277717000000026e+00 8.000000000000000000e+00
1.152041378999999921e+00 8.000000000000000000e+00
1.161718779999999951e+00 8.000000000000000000e+00
1.172243544000000082e+00 8.000000000000000000e+00
1.181908960999999980e+00 8.000000000000000000e+00
1.192364763999999910e+00 8.000000000000000000e+00
1.201960703999999991e+00 8.000000000000000000e+00
1.212099145999999905e+00 8.000000000000000000e+00
1.221893302000000014e+00 8.000000000000000000e+00
1.232486771000000036e+00 8.000000000000000000e+00
1.242137956999999959e+00 8.000000000000000000e+00
1.251884621999999947e+00 8.000000000000000000e+00
1.262614955000000094e+00 8.000000000000000000e+00
1.272275972000000088e+00 8.000000000000000000e+00
1.282371893000000096e+00 8.000000000000000000e+00
1.291690057999999919e+00 8.000000000000000000e+00
1.302212739000000008e+00 8.000000000000000000e+00
1.312520141999999890e+00 8.000000000000000000e+00
1.322253638000000064e+00 8.000000000000000000e+00
1.331873996999999976e+00 8.000000000000000000e+00
1.342647163000000088e+00 8.000000000000000000e+00
1.352410185999999959e+00 8.000000000000000000e+00
1.361997048999999960e+00 8.000000000000000000e+00
1.371666139000000006e+00 8.000000000000000000e+00
1.382512390999999896e+00 8.000000000000000000e+00
1.392151015000000047e+00 8.000000000000000000e+00
1.401911501999999921e+00 8.000000000000000000e+00
1.412026581999999975e+00 8.000000000000000000e+00
1.421504300999999915e+00 8.000000000000000000e+00
1.432264648999999945e+00 8.000000000000000000e+00
1.441873254999999965e+00 8.000000000000000000e+00
1.452286520999999997e+00 8.000000000000000000e+00
1.461865420000000082e+00 8.000000000000000000e+00
1.472613449000000019e+00 8.000000000000000000e+00
1.482263424000000107e+00 8.000000000000000000e+00
1.491812405999999980e+00 8.000000000000000000e+00
1.502319879000000080e+00 8.000000000000000000e+00
1.512357297999999961e+00 8.000000000000000000e+00
1.521836576999999968e+00 8.000000000000000000e+00
1.532359688999999969e+00 8.000000000000000000e+00
1.542136192999999933e+00 8.000000000000000000e+00
1.552692731000000048e+00 8.000000000000000000e+00
1.562191158999999940e+00 8.000000000000000000e+00
1.571852094999999894e+00 8.000000000000000000e+00
1.582387970000000088e+00 8.000000000000000000e+00
1.591995547000000011e+00 8.000000000000000000e+00
1.601526333000000024e+00 8.000000000000000000e+00
1.612823507000000101e+00 8.000000000000000000e+00
1.622229079000000018e+00 8.000000000000000000e+00
1.632042245999999919e+00 8.000000000000000000e+00
1.641361878999999968e+00 8.000000000000000000e+00
1.652020312999999962e+00 8.000000000000000000e+00
1.661498860000000022e+00 8.000000000000000000e+00
1.672019455000000043e+00 8.000000000000000000e+00
1.681571090999999907e+00 8.000000000000000000e+00
1.692144115999999920e+00 8.000000000000000000e+00
1.701752308999999963e+00 8.000000000000000000e+00
1.711670647999999906e+00 8.000000000000000000e+00
1.722282528999999895e+00 8.000000000000000000e+00
1.731821679999999919e+00 8.000000000000000000e+00
1.742358972999999978e+00 8.000000000000000000e+00
1.751886344000000095e+00 8.000000000000000000e+00
1.762538235999999925e+00 8.000000000000000000e+00
1.772149039000000093e+00 8.000000000000000000e+00
1.781895267999999977e+00 8.000000000000000000e+00
1.792492886000000007e+00 8.000000000000000000e+00
1.801959560000000016e+00 8.000000000000000000e+00
1.811855728000000054e+00 8.000000000000000000e+00
1.822512460000000001e+00 8.000000000000000000e+00
1.832261673999999951e+00 8.000000000000000000e+00
1.842014406999999965e+00 8.000000000000000000e+00
1.851444531999999921e+00 8.000000000000000000e+00
1.861966435000000031e+00 8.000000000000000000e+00
1.871488712000000110e+00 8.000000000000000000e+00
1.882190320000000083e+00 8.000000000000000000e+00
1.891879002999999893e+00 8.000000000000000000e+00
1.902350559000000052e+00 8.000000000000000000e+00
1.912472254000000094e+00 8.000000000000000000e+00
1.922294546000000048e+00 8.000000000000000000e+00
1.932182610999999994e+00 8.000000000000000000e+00
1.941788644999999924e+00 8.000000000000000000e+00
1.952211786999999976e+00 8.000000000000000000e+00
1.961784965999999963e+00 8.000000000000000000e+00
1.972330667000000037e+00 8.000000000000000000e+00
1.981967346000000019e+00 8.000000000000000000e+00
1.992565952000000085e+00 8.000000000000000000e+00
2.002120596999999780e+00 8.000000000000000000e+00
2.012234450999999869e+00 8.000000000000000000e+00
2.021876913999999914e+00 8.000000000000000000e+00
2.032379158999999991e+00 8.000000000000000000e+00
2.041985562999999892e+00 8.000000000000000000e+00
2.051487965000000191e+00 8.000000000000000000e+00
2.061984557999999801e+00 8.000000000000000000e+00
2.072465908999999940e+00 8.000000000000000000e+00
2.082066838999999892e+00 8.000000000000000000e+00
2.091944075999999875e+00 8.000000000000000000e+00
2.102457309000000052e+00 8.000000000000000000e+00
2.112826757000000111e+00 8.000000000000000000e+00
2.122357435000000070e+00 8.000000000000000000e+00
2.131982609000000028e+00 8.000000000000000000e+00
2.142227531000000074e+00 8.000000000000000000e+00
2.151739099999999905e+00 8.000000000000000000e+00
2.162373371000000155e+00 8.000000000000000000e+00
2.172152982000000065e+00 8.000000000000000000e+00
2.181724910999999878e+00 8.000000000000000000e+00
2.192217236999999930e+00 8.000000000000000000e+00
2.201808710999999974e+00 8.000000000000000000e+00
2.212178284999999800e+00 8.000000000000000000e+00
2.221882670999999920e+00 8.000000000000000000e+00
2.232380817000000128e+00 8.000000000000000000e+00
2.241823844999999871e+00 8.000000000000000000e+00
2.252506601999999969e+00 8.000000000000000000e+00
2.262010778000000055e+00 8.000000000000000000e+00
2.271439218999999898e+00 8.000000000000000000e+00
2.282260978000000051e+00 8.000000000000000000e+00
2.292062228999999896e+00 8.000000000000000000e+00
2.301593264000000083e+00 8.000000000000000000e+00
2.313056136999999790e+00 8.000000000000000000e+00
2.321625433999999988e+00 8.000000000000000000e+00
2.332280341999999784e+00 8.000000000000000000e+00
2.342000296999999787e+00 8.000000000000000000e+00
2.351476191999999799e+00 8.000000000000000000e+00
2.362130932999999988e+00 8.000000000000000000e+00
2.371717241999999892e+00 8.000000000000000000e+00
2.382231587999999789e+00 8.000000000000000000e+00
2.391880888999999843e+00 8.000000000000000000e+00
2.402292604999999970e+00 8.000000000000000000e+00
2.412520273999999798e+00 8.000000000000000000e+00
2.422278793999999902e+00 8.000000000000000000e+00
2.431973021000000124e+00 8.000000000000000000e+00
2.441563614000000104e+00 8.000000000000000000e+00
2.452232076000000038e+00 8.000000000000000000e+00
2.461886525000000159e+00 8.000000000000000000e+00
2.472414354000000092e+00 8.000000000000000000e+00
2.482017029000000097e+00 8.000000000000000000e+00
2.492777895000000132e+00 8.000000000000000000e+00
2.502268257999999967e+00 8.000000000000000000e+00
2.512168422999999873e+00 8.000000000000000000e+00
2.521734873000000210e+00 8.000000000000000000e+00
2.532449911000000053e+00 8.000000000000000000e+00
2.541942317000000173e+00 8.000000000000000000e+00
2.552725994000000220e+00 8.000000000000000000e+00
2.562178337999999833e+00 8.000000000000000000e+00
2.571809913000000059e+00 8.000000000000000000e+00
2.582490603000000107e+00 8.000000000000000000e+00
2.591998633000000218e+00 8.000000000000000000e+00
2.602425197000000079e+00 8.000000000000000000e+00
2.612330102000000043e+00 8.000000000000000000e+00
2.621774531999999880e+00 8.000000000000000000e+00
2.632353109999999941e+00 8.000000000000000000e+00
2.642119346999999951e+00 8.000000000000000000e+00
2.651737461999999823e+00 8.000000000000000000e+00
2.662705018000000035e+00 8.000000000000000000e+00
2.672115289000000171e+00 8.000000000000000000e+00
2.682090436000000189e+00 8.000000000000000000e+00
2.691902891999999881e+00 8.000000000000000000e+00
2.702489057999999833e+00 8.000000000000000000e+00
2.712422634000000166e+00 8.000000000000000000e+00
2.721996782000000170e+00 8.000000000000000000e+00
2.732633735999999924e+00 8.000000000000000000e+00
2.742285643000000217e+00 8.000000000000000000e+00
2.752027271000000219e+00 8.000000000000000000e+00
2.761642992000000074e+00 8.000000000000000000e+00
2.772301958999999982e+00 8.000000000000000000e+00
2.781956262000000013e+00 8.000000000000000000e+00
2.791619342000000170e+00 8.000000000000000000e+00
2.802187156000000012e+00 8.000000000000000000e+00
2.812349691000000096e+00 8.000000000000000000e+00
2.821954034000000000e+00 8.000000000000000000e+00
2.831520176999999805e+00 8.000000000000000000e+00
2.841976351000000012e+00 8.000000000000000000e+00
2.852579238000000128e+00 8.000000000000000000e+00
2.862097115000000080e+00 8.000000000000000000e+00
2.871759642999999862e+00 8.000000000000000000e+00
2.882349930999999810e+00 8.000000000000000000e+00
2.891870139999999978e+00 8.000000000000000000e+00
2.902318495999999914e+00 8.000000000000000000e+00
2.912309301000000072e+00 8.000000000000000000e+00
2.922247039000000157e+00 8.000000000000000000e+00
2.931998801000000210e+00 8.000000000000000000e+00
2.941351935999999778e+00 8.000000000000000000e+00
2.951972340999999833e+00 8.000000000000000000e+00
2.962455208000000173e+00 8.000000000000000000e+00
2.972127543000000038e+00 8.000000000000000000e+00
2.981732590000000016e+00 8.000000000000000000e+00
2.992340089999999897e+00 8.000000000000000000e+00
3.002180375000000012e+00 8.000000000000000000e+00
3.012202749000000068e+00 8.000000000000000000e+00
3.021834683999999882e+00 8.000000000000000000e+00
3.032492492999999900e+00 8.000000000000000000e+00
3.042102040000000063e+00 8.000000000000000000e+00
3.051719492999999783e+00 8.000000000000000000e+00
3.062182622999999992e+00 8.000000000000000000e+00
3.071822699000000156e+00 8.000000000000000000e+00
3.082332932999999997e+00 8.000000000000000000e+00
3.091815128999999995e+00 8.000000000000000000e+00
3.102321782000000194e+00 8.000000000000000000e+00
3.112318380000000051e+00 8.000000000000000000e+00
3.121920766000000125e+00 8.000000000000000000e+00
3.132753466000000042e+00 8.000000000000000000e+00
3.142598100999999922e+00 8.000000000000000000e+00
3.152248988999999835e+00 8.000000000000000000e+00
3.162021998000000167e+00 8.000000000000000000e+00
3.171492560999999988e+00 8.000000000000000000e+00
3.181999434000000182e+00 8.000000000000000000e+00
3.191630058999999964e+00 8.000000000000000000e+00
3.202143152000000104e+00 8.000000000000000000e+00
3.212288870000000074e+00 8.000000000000000000e+00
3.221776156999999863e+00 8.000000000000000000e+00
3.232488433999999966e+00 8.000000000000000000e+00
3.242201758000000211e+00 8.000000000000000000e+00
3.251878200999999802e+00 8.000000000000000000e+00
3.262447885999999908e+00 8.000000000000000000e+00
3.272186034999999826e+00 8.000000000000000000e+00
3.281965501999999812e+00 8.000000000000000000e+00
3.291747367999999785e+00 8.000000000000000000e+00
3.302475298000000059e+00 8.000000000000000000e+00
3.312814351000000102e+00 8.000000000000000000e+00
3.322250411000000181e+00 0.000000000000000000e+00
3.331824591999999807e+00 0.000000000000000000e+00
3.342388823999999925e+00 0.000000000000000000e+00
3.351938920999999905e+00 0.000000000000000000e+00
3.362421576000000023e+00 0.000000000000000000e+00
3.371996200999999971e+00 0.000000000000000000e+00
3.381483263999999878e+00 0.000000000000000000e+00
3.391971457999999995e+00 0.000000000000000000e+00
3.402486198000000073e+00 0.000000000000000000e+00
